Site	Test	Frac-both	Frac-only-H	Frac-only-H2N	Frac-Neither
4	a	0.391311736991682	0.160443005107966	0.122358287777075	0.325886970123277
4	b	0.544799347892453	0.12588319343864	0.117971039123306	0.211346419545602
4	c	0.536273482323542	0.043409842669613	0.261167184387186	0.15914949061966

5	a	0.553671409553124	0.30635521607357	0.049908887483123	0.090064486890184
5	b	0.731591022820617	0.189495151681097	0.029876722718961	0.049037102779325
5	c	0.804348852359956	0.086180796188066	0.067687630413641	0.041782721038337

6	a	0.641520241456038	0.233260632154064	0.064329528323561	0.060889598066338
6	b	0.798482402223208	0.181570408416971	0.007559663749178	0.012387525610643
6	c	0.824966403242913	0.109737866613793	0.043041615917467	0.022254114225827

7	a	0.578887073982105	0.3480026059124	0.03814451483765	0.034965805267846
7	b	0.765631540352302	0.227435096100888	0.002448550539909	0.004484813006902
7	c	0.86894904308253	0.100865804953122	0.018502607486018	0.01168254447833

